ＰＩコード	Ｈ寸法	Ｗ寸法	裏板	裏板Ｈ	裏板Ｗ	プラスタ	ﾌﾟﾗｽﾀＨ	ﾌﾟﾗｽﾀＷ	板厚	登録	備考
18131000	24	71	0			1	-3	-52	0.5		ｾﾞﾝﾊﾟｳﾗｲﾀﾅｼ ｶﾗｰ
18131100	24	71	0			1	-3	-52	0.5		ｾﾞﾝﾊﾟｳﾗｲﾀﾅｼ.ﾇﾘ
18131200	24	71	0			1	-3	-52	0.5		ｾﾞﾝﾊﾟｳﾗｲﾀﾅｼ
18132000	24	71	0			1	-3	-52	0.5		ﾊﾝﾊﾟ ｳﾗｲﾀﾅｼ ｶﾗｰ
18132100	24	71	0			1	-3	-52	0.5		ﾊﾝﾊﾟ ｳﾗｲﾀﾅｼ.ﾇﾘ
18132200	24	71	0			1	-3	-52	0.5		ﾊﾝﾊﾟ ｳﾗｲﾀﾅｼ
18133000	24	71	0			1	-3	-52	0.5		ｺｼﾊﾟ ｳﾗｲﾀﾅｼ.ｶﾗｰ
18133100	24	71	0			1	-3	-52	0.5		ｺｼﾊﾟ ｳﾗｲﾀﾅｼ.ﾇﾘ
18133200	24	71	0			1	-3	-52	0.5	May-02	ｺｼﾊﾟ ｳﾗｲﾀﾅｼ
18134000	24	71	0			1	-3	-52	0.5		ﾗﾝﾊﾟ ｳﾗｲﾀﾅｼ.ｶﾗｰ
18134100	24	71	0			1	-3	-52	0.5		ﾗﾝﾊﾟ ｳﾗｲﾀﾅｼ.ﾇﾘ
18134200	24	71	0			1	-3	-52	0.5	Dec-01	ﾗﾝﾊﾟ ｳﾗｲﾀﾅｼ
18135000	24	71	0			1	-3	-52	0.5		ﾀﾝﾊﾟ ｳﾗｲﾀﾅｼ.ｶﾗｰ
18135100	24	71	0			1	-3	-52	0.5		ﾀﾝﾊﾟ ｳﾗｲﾀﾅｼ.ﾇﾘ
18135200	24	71	0			1	-3	-52	0.5	Apr-02	ﾀﾝﾊﾟ ｳﾗｲﾀﾅｼ
18137000	24	71	0			1	-3	-52	0.5		ﾊﾟﾈﾙ ｳﾗｲﾀﾅｼ.ｶﾗｰ
18137100	24	24	0			1	-3	-3	0.5	Apr-03	ﾊﾟﾈﾙ ｳﾗｲﾀﾅｼ.ﾇﾘ
18141000	24	71	6SECC	-3	-52	1	-3	-52	0.5		ｾﾞﾝﾊﾟ ｾﾞﾝﾒﾝｳﾗｲﾀ.ｶﾗｰ
18141100	24	71	6SECC	-3	-52	1	-3	-52	0.5		ｾﾞﾝﾊﾟ ｾﾞﾝﾒﾝｳﾗｲﾀ.ﾇﾘ
18142000	24	71	6SECC	-3	-52	1	-3	-52	0.5		ﾊﾝﾊﾟ  ｾﾞﾝﾒﾝｳﾗｲﾀ.ｶﾗｰ
18142100	24	71	6SECC	-3	-52	1	-3	-52	0.5		ﾊﾝﾊﾟ  ｾﾞﾝﾒﾝｳﾗｲﾀ.ﾇﾘ
18143000	24	71	6SECC	-3	-52	1	-3	-52	0.5		ｺｼﾊﾟ  ｾﾞﾝﾒﾝｳﾗｲﾀ.ｶﾗｰ
18143100	24	71	6SECC	-3	-52	1	-3	-52	0.5		ｺｼﾊﾟ  ｾﾞﾝﾒﾝｳﾗｲﾀ.ﾇﾘ
18143200	24	71	6SECC	-3	-52	1	-3	-52	0.5	Mar-04	ｺｼﾊﾟ  ｾﾞﾝﾒﾝｳﾗｲﾀ
18144000	24	71	6SECC	-3	-52	1	-3	-52	0.5		ﾗﾝﾊﾟ  ｾﾞﾝﾒﾝｳﾗｲﾀ.ｶﾗｰ
18144100	24	71	6SECC	-3	-52	1	-3	-52	0.5		ﾗﾝﾊﾟ  ｾﾞﾝﾒﾝｳﾗｲﾀ.ﾇﾘ
18144200	24	71	6SECC	-3	-52	1	-3	-52	0.5		ﾗﾝﾊﾟ  ｾﾞﾝﾒﾝｳﾗｲﾀ
18145000	24	71	6SECC	-3	-52	1	-3	-52	0.5		ﾀﾝﾊﾟ  ｾﾞﾝﾒﾝｳﾗｲﾀ.ｶﾗｰ
18145100	24	71	6SECC	-3	-52	1	-3	-52	0.5		ﾀﾝﾊﾟ  ｾﾞﾝﾒﾝｳﾗｲﾀ.ﾇﾘ
18145200	24	71	0			1	-3	-52	0.5		ﾀﾝﾊﾟ  ｾﾞﾝﾒﾝｳﾗｲﾀ
28151000	35	35	0			1	-3	-15	0.5		MWEﾊﾟﾈﾙ
28151100	35	35	0			1	-3	-15	0.5		MWEﾊﾟﾈﾙ
28153000	35	35	0			1	-15	-3	0.5		MWEﾊﾟﾈﾙ(3ﾎﾟｳﾏｹﾞ)
28153100	35	35	0			1	-30	-3	0.5		MWEﾊﾟﾈﾙ(3ﾎﾟｳﾏｹﾞ)
28154000	35	35	0			1	-3	-3	0.5		MWEﾊﾟﾈﾙ(4ﾎｳﾏｹﾞ)
28154100	35	35	0			1	-3	-3	0.5		MWEﾊﾟﾈﾙ(4ﾎｳﾏｹﾞ)
28155000	26	26	0			1	-3	-3	0.5	Jul-02	MWEﾊﾟﾈﾙ(2L)
28155100	26	26	0			1	-3	-3	0.5		MWEﾊﾟﾈﾙ(2L)
28156000	18	35	0			1	-3	-3	0.5		SMWEﾊﾟﾈﾙ
28156100	18	35	0			1	-3	-3	0.5		SMWEﾊﾟﾈﾙ
28157000	35	35	0			1	-3	-15	0.5		MWEﾊﾟﾈﾙ.ｴﾘｵ
28157100	35	35	0			1	-3	-15	0.5		MWEﾊﾟﾈﾙ.ﾇﾘ
29151000	35	35	0			1	-3	-30	0.5		MSWﾊﾟﾈﾙ
29151100	35	35	0			1	-3	-30	0.5		MSWﾊﾟﾈﾙ
29152000	35	35	0			1	-3	-30	0.5		MSWﾊﾟﾈﾙ
29152100	35	35	0			1	-3	-30	0.5		MSWﾊﾟﾈﾙ
29153000	35	35	0			1	-3	-30	0.5		MSWﾊﾟﾈﾙ
29153100	35	35	0			1	-3	-30	0.5		MSWﾊﾟﾈﾙ
29154000	35	35	0			1	-3	-30	0.5		MWEﾊﾟﾈﾙ
29154100	35	35	0			1	-3	-30	0.5	Jun-03	MWEﾊﾟﾈﾙ
29155000	35	35	0			1	-3	-30	0.5		MWEﾊﾟﾈﾙ
29155100	35	35	0			1	-3	-30	0.5		MWEﾊﾟﾈﾙ
29156000	18	35	0			1	-3	-3	0.5		SMWEﾊﾟﾈﾙ
29156100	18	35	0			1	-3	-3	0.5		SMWEﾊﾟﾈﾙ
29157000	35	35	0			1	-3	-15	0.5		KF1ﾊﾟﾈﾙ
29157100	35	35	0			1	-3	-15	0.5		KF1ﾊﾟﾈﾙ
29158000	35	35	0			1	-3	-15	0.5		SKF1ﾊﾟﾈﾙ
29158100	35	35	0			1	-3	-15	0.5		SKF1ﾊﾟﾈﾙ
29161000	35	35	0			1	-3	-15	0.5		KF1ﾊﾝﾊﾟﾈﾙ
29161100	35	35	0			1	-3	-15	0.5		KF1ﾊﾝﾊﾟﾈﾙ
29162000	35	35	0			1	-3	-15	0.5		KF1ﾗﾝﾏﾊﾟﾈﾙ
29162100	35	35	0			1	-3	-15	0.5		KF1ﾗﾝﾏﾊﾟﾈﾙ
29163000	35	35	0			1	-3	-15	0.5		SKF1ﾊﾝﾊﾟﾈﾙ
29163100	35	35	0			1	-3	-15	0.5		SKF1ﾊﾝﾊﾟﾈﾙ
29164000	35	35	0			1	-3	-15	0.5		SKF1ﾗﾝﾏﾊﾟﾈﾙ
29164100	35	35	0			1	-3	-15	0.5		SKF1ﾗﾝﾏﾊﾟﾈﾙ
50230100	0	47	4SGCC	19	-3	1	-3	-3	0.4		ﾄﾌﾞｸﾛﾊﾟﾈﾙ1
50230300	0	47	4SGCC	19	-3	1	-103	-3	0.4		ﾄﾌﾞｸﾛﾊﾟﾈﾙ2(ﾎｷｮｳ ｺ)
50230600	0	47	4SGCC	19	-3	1	-203	-3	0.4		ﾄﾌﾞｸﾛﾊﾟﾈﾙ3(ﾎｷｮｳ ｺ)
50231300	0	47	4SGCC	19	-3	1	-3	-3	0.4		ﾄﾌﾞｸﾛﾊﾟﾈﾙ1
50231500	0	47	4SGCC	19	-3	1	-103	-3	0.4		ﾄﾌﾞｸﾛﾊﾟﾈﾙ2
50231800	0	47	4SGCC	19	-3	1	-3	-3	0.4		ﾄﾌﾞｸﾛﾊﾟﾈﾙ3
77131000	41	76	0			1	-20	-52	0.5		LUXﾊﾟﾈﾙ
77131100	41	76	0			1	-20	-52	0.5		LUXﾊﾟﾈﾙ ﾇﾘ
77132100	41	76	0			1	-20	-52	0.5		LUXﾊﾟﾈﾙ(ｳｴ) ﾇﾘ
77134000	41	71	0			1	-20	-52	0.5		SLUXﾊﾟﾈﾙ
77134100	41	71	0			1	-20	-52	0.5		SLUXﾊﾟﾈﾙ ﾇﾘ
77135100	41	71	0			1	-20	-52	0.5		SLUXﾊﾟﾈﾙ(ｳｴ) ﾇﾘ
77137000	24	71	0			1	-3	-52	0.5		MWﾊﾟﾈﾙ
77137100	24	71	0			1	-3	-52	0.5		MWﾊﾟﾈﾙ ﾇﾘ
77138100	24	71	0			1	-3	-52	0.5		MWﾊﾟﾈﾙ(ｳｴ) ﾇﾘ
77141000	41	76	5SECC	-20	-52	1	-20	-52	0.5		LUXﾊﾟﾈﾙ ｳﾗﾂｷ
77141100	41	76	5SECC	-20	-52	1	-20	-52	0.5		LUXﾊﾟﾈﾙ ｳﾗﾂｷ ﾇﾘ
77142100	41	76	5SECC	-20	-52	1	-20	-52	0.5		LUXﾊﾟﾈﾙ(ｳｴ)ｳﾗﾂｷ ﾇﾘ
77144000	41	71	5SECC	-20	-52	1	-20	-52	0.5		SLUXﾊﾟﾈﾙ ｳﾗﾂｷ
77144100	41	71	5SECC	-20	-52	1	-20	-52	0.5		SLUXﾊﾟﾈﾙ ｳﾗﾂｷ ﾇﾘ
77145100	41	71	5SECC	-20	-52	1	-20	-52	0.5		SLUXﾊﾟﾈﾙ(ｳｴ)ｳﾗﾂｷ ﾇﾘ
77147000	24	71	5SECC	-3	-52	1	-3	-52	0.5		MWﾊﾟﾈﾙ ｳﾗﾂｷ
77147100	24	71	5SECC	-3	-52	1	-3	-52	0.5		MWﾊﾟﾈﾙ ｳﾗﾂｷ ﾇﾘ
77148100	24	71	5SECC	-3	-52	1	-3	-52	0.5		MWﾊﾟﾈﾙ(ｳｴ)ｳﾗﾂｷ ﾇﾘ
ﾄｸ0ﾒｼﾞ	24	79	0			1	-3	-56	0.5		ﾄｸ目地なし
37060159	24	71	0			1	-3	-52	0.5	2011/10/17	ｾﾞﾝﾊﾟｳﾗｲﾀﾅｼｶﾗｰ
37060160	24	71	0			1	-3	-52	0.5		ｾﾞﾝﾊﾟｳﾗｲﾀﾅｼﾇﾘ
37060163	24	71	0			1	-3	-52	0.5		ﾗﾝﾊﾟｳﾗｲﾀﾅｼｶﾗｰ
37060164	24	71	0			1	-3	-52	0.5		ﾗﾝﾊﾟｳﾗｲﾀﾅｼﾇﾘ
77137000	24	71	0			1	-3	-52	0.5		MWﾊﾟﾈﾙ(虎ノ門仕様)
30901000	41	76	0			1	-20	-52	0.5	2014/5/20	LUXﾊﾟﾈﾙ
30901001	41	76	0			1	-20	-52	0.5		LUXﾊﾟﾈﾙ ｱﾅﾂｷ
30901002	41	76	5SECC	-20	-52	1	-20	-52	0.5		LUXﾊﾟﾈﾙ ｳﾗﾂｷ
30901003	41	76	5SECC	-20	-52	1	-20	-52	0.5		LUXﾊﾟﾈﾙ ｳﾗﾂｷ ｱﾅﾂｷ
30902000	41	76	0			1	-20	-52	0.5		LUXﾊﾟﾈﾙ ﾇﾘ
30902001	41	76	0			1	-20	-52	0.5		LUXﾊﾟﾈﾙ ﾇﾘ ｱﾅﾂｷ
30902002	41	76	0			1	-20	-52	0.5		LUXﾊﾟﾈﾙ(ｳｴ) ﾇﾘ
30902003	41	76	5SECC	-20	-52	1	-20	-52	0.5		LUXﾊﾟﾈﾙ ﾇﾘ　ｳﾗﾂｷ 
30902004	41	76	5SECC	-20	-52	1	-20	-52	0.5		LUXﾊﾟﾈﾙ ﾇﾘ　ｳﾗﾂｷ ｱﾅﾂｷ 
30902005	41	76	5SECC	-20	-52	1	-20	-52	0.5		LUXﾊﾟﾈﾙ(ｳｴ) ﾇﾘ　ｳﾗﾂｷ 
30903000	41	71	0			1	-20	-52	0.5		SLUXﾊﾟﾈﾙ
30903001	41	71	0			1	-20	-52	0.5		SLUXﾊﾟﾈﾙ ｱﾅﾂｷ
30903002	41	71	5SECC	-20	-52	1	-20	-52	0.5		SLUXﾊﾟﾈﾙ ｳﾗﾂｷ
30903003	41	71	5SECC	-20	-52	1	-20	-52	0.5		SLUXﾊﾟﾈﾙ ｳﾗﾂｷ ｱﾅﾂｷ
30904000	41	71	0			1	-20	-52	0.5		SLUXﾊﾟﾈﾙ ﾇﾘ
30904001	41	71	0			1	-20	-52	0.5		SLUXﾊﾟﾈﾙ ﾇﾘ ｱﾅﾂｷ
30904002	41	71	0			1	-20	-52	0.5		SLUXﾊﾟﾈﾙ(ｳｴ) ﾇﾘ
30904003	41	71	5SECC	-20	-52	1	-20	-52	0.5		SLUXﾊﾟﾈﾙ ﾇﾘ ｳﾗﾂｷ 
30904004	41	71	5SECC	-20	-52	1	-20	-52	0.5		SLUXﾊﾟﾈﾙ ﾇﾘ ｳﾗﾂｷ ｱﾅﾂｷ
30904005	41	71	5SECC	-20	-52	1	-20	-52	0.5		SLUXﾊﾟﾈﾙ(ｳｴ) ﾇﾘ ｳﾗﾂｷ 
30902010	41	76	0			1	-20	-52	0.5		LUXﾊﾟﾈﾙ06 ﾇﾘ
30902011	41	76	0			1	-20	-52	0.5		LUXﾊﾟﾈﾙ06 ﾇﾘ ｱﾅﾂｷ
30902012	41	76	0			1	-20	-52	0.5		LUXﾊﾟﾈﾙ(ｳｴ)06 ﾇﾘ
30902013	41	76	5SECC	-20	-52	1	-20	-52	0.5		LUXﾊﾟﾈﾙ06 ﾇﾘ ｳﾗｲﾀﾂｷ
30902014	41	76	5SECC	-20	-52	1	-20	-52	0.5		LUXﾊﾟﾈﾙ06ﾇﾘｳﾗｲﾀ・ｱﾅﾂｷ
30902015	41	76	5SECC	-20	-52	1	-20	-52	0.5		LUXﾊﾟﾈﾙｳｴ06ﾇﾘｳﾗｲﾀﾂｷ
30904010	41	71	0			1	-20	-52	0.5		SLUXﾊﾟﾈﾙ06 ﾇﾘ
30904011	41	71	0			1	-20	-52	0.5		SLUXﾊﾟﾈﾙ06 ﾇﾘ ｱﾅﾂｷ
30904012	41	71	0			1	-20	-52	0.5		SLUXﾊﾟﾈﾙ(ｳｴ)06 ﾇﾘ
30904013	41	71	5SECC	-20	-52	1	-20	-52	0.5		SLUXﾊﾟﾈﾙ06 ﾇﾘ ｳﾗｲﾀﾂｷ
30904014	41	71	5SECC	-20	-52	1	-20	-52	0.5		SLUXﾊﾟﾈﾙ06ﾇﾘｳﾗｲﾀｱﾅﾂｷ
30904015	41	71	5SECC	-20	-52	1	-20	-52	0.5		SLUXﾊﾟﾈﾙｳｴ06ﾇﾘｳﾗｲﾀﾂｷ
30904022	41	76	0			1	-20	-52	0.5	2025/1/31	LUXﾊﾟﾈﾙTM
30904023	41	76	0			1	-20	-52	0.5	2025/1/31	LUXﾊﾟﾈﾙTM ﾇﾘ
30904024	41	71	0			1	-20	-52	0.5	2025/1/31	SLUXﾊﾟﾈﾙTM
30904024	41	71	0			1	-20	-52	0.5	2025/1/31	SLUXﾊﾟﾈﾙTM ﾇﾘ
30905000	24	71	0			1	-3	-52	0.5		MWﾊﾟﾈﾙ
30905001	24	71	0			1	-3	-52	0.5		MWﾊﾟﾈﾙ ｱﾅﾂｷ
30905002	24	71	5SECC	-3	-52	1	-3	-52	0.5		MWﾊﾟﾈﾙ ｳﾗﾂｷ
30905003	24	71	5SECC	-3	-52	1	-3	-52	0.5		MWﾊﾟﾈﾙ ｳﾗﾂｷ ｱﾅﾂｷ
30906000	24	71	0	-3	-52	1	-3	-52	0.6		MWﾊﾟﾈﾙ 06ﾇﾘ
30906001	24	71	0	-3	-52	1	-3	-52	0.6		MWﾊﾟﾈﾙ 06ﾇﾘ ｱﾅﾂｷ
30906002	24	71	0	-3	-52	1	-3	-52	0.6		MWﾊﾟﾈﾙ(ｳｴ) 06ﾇﾘ
30906003	24	71	5SECC	-3	-52	1	-3	-52	0.6		MWﾊﾟﾈﾙ 06ﾇﾘ ｳﾗﾂｷ
30906004	24	71	5SECC	-3	-52	1	-3	-52	0.6		MWﾊﾟﾈﾙ 06ﾇﾘ ｳﾗﾂｷ ｱﾅﾂｷ
30906005	24	71	5SECC	-3	-52	1	-3	-52	0.6		MWﾊﾟﾈﾙ(ｳｴ) 06ﾇﾘ ｳﾗﾂｷ
30907000	24	71	0	-3	-52	1	-3	-52	0.8		MWﾊﾟﾈﾙ 08ﾇﾘ
30907001	24	71	0	-3	-52	1	-3	-52	0.8		MWﾊﾟﾈﾙ 08ﾇﾘ ｱﾅﾂｷ
30907002	24	71	0	-3	-52	1	-3	-52	0.8		MWﾊﾟﾈﾙ(ｳｴ) 08ﾇﾘ
30907003	24	71	5SECC	-3	-52	1	-3	-52	0.8		MWﾊﾟﾈﾙ 08ﾇﾘ ｳﾗﾂｷ
30907004	24	71	5SECC	-3	-52	1	-3	-52	0.8		MWﾊﾟﾈﾙ 08ﾇﾘ ｳﾗﾂｷ ｱﾅﾂｷ
30907005	24	71	5SECC	-3	-52	1	-3	-52	0.8		MWﾊﾟﾈﾙ(ｳｴ) 08ﾇﾘ ｳﾗﾂｷ
RW1	0	0	0	0	0	0	0	0	0.5		
30908000	24	71	0	-3	-52	1	-3	-52	0.8		MWﾊﾟﾈﾙ 08
ﾄｸ0ﾒｼﾞLUX	41	84	0	-20	-60	1	-20	-60	0.5		ﾄｸ目地なしLUX
ﾄｸ0ﾒｼﾞLUX0.8	39	82	0	-20	-60	1	-20	-60	0.5		ﾄｸ目地なしLUX08仕様
ﾄｸ0ﾒｼﾞSLUX	41	79	0	-20	-60	1	-20	-60	0.5		ﾄｸ目地なしSLUX
ﾄｸ1ﾒｼﾞSLUX	41	73	0			1	-20	-54	0.5		ﾄｸ目地なしSLUX L1R1
ﾄｸ4ﾒｼﾞLUX	41	80	0	-20	56	1	-20	-60	0.5		LR目地なしLUX
81140000	23.7	71	5SECC	-43	-52	1	-43	-52	0.5		ｽｲｯﾁﾊﾟﾈﾙｳﾗﾂｷ
77151100	41	76	0			1	-40	-52	0.5		LUXﾊﾟﾈﾙ BLｳﾗﾂｷ
77152100	41	76	0			1	-40	-52	0.5		LUXﾊﾟﾈﾙ(ｳｴ)BLｳﾗﾂｷﾇﾘ
77154100	41	71	0			1	-40	-52	0.5		SLUXﾊﾟﾈﾙ BLｳﾗﾂｷ
77155100	41	71	0			1	-40	-52	0.5		SLUXﾊﾟﾈﾙ(ｳｴ)BLｳﾗﾂｷﾇﾘ
77157100	24	71	0			1	-32	-52	0.5		MWﾊﾟﾈﾙ BLｳﾗﾂｷ
77158100	24	71	0			1	-32	-52	0.5		MWﾊﾟﾈﾙ(ｳｴ) BLｳﾗﾂｷ ﾇﾘ
77161000	41	76	5SECC	-140	-52	1	-40	-52	0.5		LUXﾊﾟﾈﾙ  BLｾﾞﾝｳﾗﾂｷ
77162100	41	76	5SECC	-140	-52	1	-40	-52	0.5		LUXﾊﾟﾈﾙ ｳｴBLｾﾞﾝｳﾗﾇﾘ
77164000	41	71	5SECC	-140	-52	1	-40	-52	0.5		SLUXﾊﾟﾈﾙ BLｾﾞﾝｳﾗﾂｷ
77165100	41	71	5SECC	-140	-52	1	-40	-52	0.5		SLUXﾊﾟﾈﾙ ｳｴBLｾﾞﾝｳﾗﾇﾘ
77167000	24	71	5SECC	-132	-52	1	-32	-52	0.5		MWﾊﾟﾈﾙ BLｾﾞﾝｳﾗﾂｷ
77168100	24	71	5SECC	-132	-52	1	-32	-52	0.5		MWﾊﾟﾈﾙ ｳｴBLｾﾞﾝｳﾗﾇﾘ
77131200	41	84	0			1	-20	-60	0.5	Feb-21	LUXﾊﾟﾈﾙ4
77131300	41	84	0			1	-20	-60	0.5		LUXﾊﾟﾈﾙ4 ﾇﾘ
77132300	41	84	0			1	-20	-60	0.5		LUXﾊﾟﾈﾙ4(ｳｴ) ﾇﾘ
77141200	41	84	5SECC	-20	-60	1	-20	-60	0.5		LUXﾊﾟﾈﾙ4 ｳﾗﾂｷ
77141300	41	84	5SECC	-20	-60	1	-20	-60	0.5		LUXﾊﾟﾈﾙ4 ｳﾗﾂｷ ﾇﾘ
77131800	41	84	0	-20	-60	1	-20	-60	0.5		LUXﾊﾟﾈﾙ2
77141800	41	84	5SECC	-20	-60	1	-20	-60	0.5		LUXﾊﾟﾈﾙ2 ｳﾗﾂｷ
77141900	41	84	5SECC	-20	-60	1	-20	-60	0.5		LUXﾊﾟﾈﾙ2 ｳﾗﾂｷ ﾇﾘ
77142300	41	84	5SECC	-20	-60	1	-20	-60	0.5		LUXﾊﾟﾈﾙ4(ｳｴ) ｳﾗﾂｷ ﾇﾘ
77142900	41	84	5SECC	-20	-60	1	-20	-60	0.5		LUXﾊﾟﾈﾙ2(ｳｴ) ｳﾗﾂｷ ﾇﾘ
77144200	41	81	5SECC	-20	-60	1	-20	-60	0.5		SLUXﾊﾟﾈﾙ4 ｳﾗﾂｷ
77144300	41	81	5SECC	-20	-60	1	-20	-60	0.5		SLUXﾊﾟﾈﾙ4 ｳﾗﾂｷ ﾇﾘ
77144800	41	81	5SECC	-20	-60	1	-20	-60	0.5		SLUXﾊﾟﾈﾙ2 ｳﾗﾂｷ
77144900	41	81	5SECC	-20	-60	1	-20	-60	0.5		SLUXﾊﾟﾈﾙ2 ｳﾗﾂｷ ﾇﾘ
77145300	41	81	5SECC	-20	-60	1	-20	-60	0.5		SLUXﾊﾟﾈﾙ4(ｳｴ)ｳﾗﾂｷ ﾇﾘ
77145900	41	81	5SECC	-20	-60	1	-20	-60	0.5		SLUXﾊﾟﾈﾙ2(ｳｴ)ｳﾗﾂｷ ﾇﾘ
77147200	24	81	5SECC	-3	-60	1	-3	-60	0.5		MWﾊﾟﾈﾙ4 ｳﾗﾂｷ
77147300	24	81	5SECC	-3	-60	1	-3	-60	0.5		MWﾊﾟﾈﾙ4 ｳﾗﾂｷ ﾇﾘ
77147800	24	81	5SECC	-3	-60	1	-3	-60	0.5		MWﾊﾟﾈﾙ2 ｳﾗﾂｷ
77147900	24	81	5SECC	-3	-60	1	-3	-60	0.5		MWﾊﾟﾈﾙ2 ｳﾗﾂｷ ﾇﾘ
77148300	24	81	5SECC	-3	-60	1	-3	-60	0.5		MWﾊﾟﾈﾙ4(ｳｴ) ｳﾗﾂｷ ﾇﾘ
77148900	24	81	5SECC	-3	-60	1	-3	-60	0.5		MWﾊﾟﾈﾙ2(ｳｴ) ｳﾗﾂｷ ﾇﾘ
77141400	41	80	5SECC	-20	-56	1	-20	-56	0.5	3月18日	LUXﾊﾟﾈﾙR4 ｳﾗﾂｷ
77141500	41	80	5SECC	-20	-56	1	-20	-56	0.5		LUXﾊﾟﾈﾙR4 ｳﾗﾂｷ ﾇﾘ
77141600	41	80	5SECC	-20	-56	1	-20	-56	0.5		LUXﾊﾟﾈﾙL4 ｳﾗﾂｷ
77141700	41	80	5SECC	-20	-56	1	-20	-56	0.5		LUXﾊﾟﾈﾙL4 ｳﾗﾂｷ ﾇﾘ
77142500	41	80	5SECC	-20	-56	1	-20	-56	0.5		LUXﾊﾟﾈﾙR4(ｳｴ)ｳﾗﾂｷ ﾇﾘ
77142700	41	80	5SECC	-20	-56	1	-20	-56	0.5		LUXﾊﾟﾈﾙL4(ｳｴ)ｳﾗﾂｷ ﾇﾘ
77144400			5SECC	-20	-56	1	-20	-56	0.5		SLUXﾊﾟﾈﾙR4 ｳﾗﾂｷ
77144500			5SECC	-20	-56	1	-20	-56	0.5		SLUXﾊﾟﾈﾙR4 ｳﾗﾂｷ ﾇﾘ
77144600			5SECC	-20	-56	1	-20	-56	0.5		SLUXﾊﾟﾈﾙL4 ｳﾗﾂｷ
77144700			5SECC	-20	-56	1	-20	-56	0.5		SLUXﾊﾟﾈﾙL4 ｳﾗﾂｷ ﾇﾘ
77145500			5SECC	-20	-56	1	-20	-56	0.5		SLUXﾊﾟﾈﾙR4(ｳｴ)ｳﾗﾂｷﾇﾘ
77145700			5SECC	-20	-56	1	-20	-56	0.5		SLUXﾊﾟﾈﾙL4(ｳｴ)ｳﾗﾂｷﾇﾘ
77147400			5SECC	-3	-56	1	-3	-56	0.5		MWﾊﾟﾈﾙR4 ｳﾗﾂｷ
77147500			5SECC	-3	-56	1	-3	-56	0.5		MWﾊﾟﾈﾙR4 ｳﾗﾂｷ ﾇﾘ
77147600			5SECC	-3	-56	1	-3	-56	0.5		MWﾊﾟﾈﾙL4 ｳﾗﾂｷ
77147700			5SECC	-3	-56	1	-3	-56	0.5		MWﾊﾟﾈﾙL4 ｳﾗﾂｷ ﾇﾘ
77148500			5SECC	-3	-56	1	-3	-56	0.5		MWﾊﾟﾈﾙR4(ｳｴ) ｳﾗﾂｷ ﾇﾘ
77148700			5SECC	-3	-56	1	-3	-56	0.5		MWﾊﾟﾈﾙL4(ｳｴ) ｳﾗﾂｷ ﾇﾘ
KKLGS1	0	59	0	0	0	0	0	0	0.6		KK LGS戸袋パネル 表
KKLGS2	19	-3	0	0	0	0	0	0	0.6		KK LGS戸袋パネル ウラ
FLGS1	0	59	0	0	0	0	0	0	0.6	0	Fﾄﾌﾞｸﾛﾊﾟﾈﾙ1(T0.6) ｵﾓﾃ
FLGS2	19	-3	0	0	0	0	0	0	0.6	0	Fﾄﾌﾞｸﾛﾊﾟﾈﾙ1(T0.6) ｳﾗ
50557600	0	60	0	0	0	0	0	0	0.6		BOﾄﾌﾞｸﾛﾊﾟﾈﾙ1
99980022			5SECC	0	0	1	0	0	0.5		BOﾄﾌﾞｸﾛﾊﾟﾈﾙ1
81140000			5SECC	-43	-52	1	-43	-52	0.5		ｽｲｯﾁﾊﾟﾈﾙ ｳﾗｲﾀﾂｷ
81141000			5SECC								
88135000			5SECC	-22	-60	1	-22	-60	0.5		EVﾊﾟﾈﾙ ｳﾗｲﾀﾂｷ
88136000			5SECC								
88166000			5SECC	-24	-60	1	-24	-60	0.5		EVｺｶﾞﾀﾂｷﾊﾟﾈﾙ ｳﾗｲﾀﾂｷ
88155000			5SECC	-22	-60	1	-22	-60	0.5		SEVﾊﾟﾈﾙ ｳﾗｲﾀﾂｷ
81153000			5SECC	-80	-32	1	-80	-32	0.5		ﾌﾞﾛｯｸﾊﾟﾈﾙ
78140000			5SECC	-47	-21						LUX SPﾊﾟﾈﾙ
